All data points
A: 0.08753278569699521 +/- 0.0010194191334801028
B: 0.0006781645934667631 +/- 0.0008308496126130523
C: 1.3415698860333254 +/- 0.0011935202674893358
A: 0.088 +/- 0.001
B: 0.0007 +/- 0.0008
C: 1.342 +/- 0.001


Only up to 20 degrees
A: 0.05040496586893653 +/- 0.004416016747516635
B: -0.00038050615536591406 +/- 0.0007984011449784782
C: 1.3473688647522053 +/- 0.00031646719848639455

1.3471

1.3538