T = K L^n

K: 2.0177699701011904 +/- 0.022791154907851524
n: 0.49520923580206655 +/- 0.00911127401187133

Rounded:

K: 2.02 +/- 0.02
n: 0.495 +/- 0.009
