t or L are independent variables


sin -- A*np.sin(w*L + phi)+d
A: 191.69683692707537 +/- 8.970822014065655
w: 10.07462398994689 +/- 0.4438141252531202
d: 199.7706349053078 +/- 9.141437543642626
phi: -2.252352857187477 +/- 0.15482937638605815

Power -- K * L**n
K: 678.2271410191428 +/- 220.73779969505964
n: 0.9560709328030655 +/- 0.3044599841903181

linear -- m * L + b
m: 760.9912024566617 +/- 164.29856855584123
b: -18.161485242062597 +/- 46.60276834367411

cubic -- d + c*t + b*t**2 + a*t**3
a: -20690.696851436074 +/- 3410.2713762893372
b: 14236.452207541888 +/- 2826.4673746198046
c: -1511.0548594373656 +/- 668.8539334812025
d: 50.42289230739028 +/- 42.89841276485118

quadratic -- a * t ** 2 + b * t + c
a: -2719.08402621306 +/- 1046.0680334893354
b: 2274.7174757597313 +/- 595.6765509104625
c: -156.91478552568242 +/- 64.12840747933808

normal -- A/(dev * np.sqrt(2*np.pi)) * np.e**(-0.5 * ((L-mean)/dev)**2)
A: 128.10775380429496 +/- 5.064743540019537
dev: 0.12770319164965274 +/- 0.005842917599255773
mean: 0.38314888395247515 +/- 0.006116086116304211